freq	mag(S(1,1))
5.00000000000000000E5	9.92638112714429610E-1
5.01499999999999968E5	9.92714308476286611E-1
5.02999999999999936E5	9.92790504238143434E-1
5.04499999999999993E5	9.92866700000000080E-1
5.06000000000000050E5	9.93136790817356285E-1
5.07500000000000018E5	9.93406881634712313E-1
5.08999999999999986E5	9.93676972452068341E-1
5.10499999999999954E5	9.93678083854692318E-1
5.12000000000000011E5	9.93562079818365440E-1
5.13499999999999979E5	9.93446075782038562E-1
5.15000000000000036E5	9.93335370433904963E-1
5.16500000000000004E5	9.93232837638748656E-1
5.17999999999999972E5	9.93130304843592526E-1
5.19500000000000028E5	9.93024437235115975E-1
5.20999999999999996E5	9.92884850958627396E-1
5.22499999999999964E5	9.92745264682139350E-1
5.24000000000000021E5	9.92605678405651126E-1
5.25499999999999989E5	9.92613931483349887E-1
5.27000000000000046E5	9.92662276589303794E-1
5.28500000000000014E5	9.92710621695256989E-1
5.29999999999999982E5	9.92696928456104999E-1
5.31499999999999950E5	9.92616918365287582E-1
5.33000000000000007E5	9.92536908274470164E-1
5.34500000000000064E5	9.92471779515640584E-1
5.36000000000000032E5	9.92474443491422775E-1
5.37500000000000000E5	9.92477107467204966E-1
5.38999999999999968E5	9.92479771442986802E-1
5.40499999999999936E5	9.92368875681130369E-1
5.41999999999999993E5	9.92242003834510555E-1
5.43500000000000050E5	9.92115131987890919E-1
5.45000000000000018E5	9.91951083148335400E-1
5.46499999999999986E5	9.91759367709384598E-1
5.47999999999999954E5	9.91567652270433619E-1
5.49500000000000011E5	9.91369594147326083E-1
5.50999999999999979E5	9.91154387285569882E-1
5.52500000000000036E5	9.90939180423814392E-1
5.54000000000000004E5	9.90723973562058369E-1
5.55499999999999972E5	9.90606477093844617E-1
5.57000000000000028E5	9.90492349949546025E-1
5.58499999999999996E5	9.90378222805247255E-1
5.59999999999999964E5	9.90378515640766821E-1
5.61500000000000021E5	9.90436880928355201E-1
5.62999999999999989E5	9.90495246215943581E-1
5.64500000000000046E5	9.90617833905146306E-1
5.66000000000000014E5	9.90854594752774887E-1
5.67499999999999982E5	9.91091355600403467E-1
5.68999999999999950E5	9.91308792028254260E-1
5.70500000000000007E5	9.91204533703329993E-1
5.72000000000000064E5	9.91100275378405549E-1
5.73500000000000032E5	9.90996017053481282E-1
5.75000000000000000E5	9.91130689303733448E-1
5.76499999999999968E5	9.91343595459132310E-1
5.77999999999999936E5	9.91556501614530816E-1
5.79499999999999993E5	9.91603361856710386E-1
5.81000000000000050E5	9.91447277093844725E-1
5.82500000000000018E5	9.91291192330978710E-1
5.83999999999999986E5	9.91065888597376166E-1
5.85499999999999954E5	9.90437856306760800E-1
5.87000000000000011E5	9.89809824016145434E-1
5.88499999999999979E5	9.89181791725529891E-1
5.90000000000000036E5	9.88931063874873928E-1
5.91500000000000004E5	9.88750428153380412E-1
5.92999999999999972E5	9.88569792431886896E-1
5.94500000000000028E5	9.88427490716448176E-1
5.95999999999999996E5	9.88317843895055681E-1
5.97499999999999964E5	9.88208197073662831E-1
5.99000000000000021E5	9.88046249545913291E-1
6.00499999999999989E5	9.87715613824419592E-1
6.02000000000000046E5	9.87384978102926425E-1
6.03500000000000014E5	9.87054342381432548E-1
6.04999999999999982E5	9.87046342381432851E-1
6.06499999999999950E5	9.87061387790111233E-1
6.08000000000000007E5	9.87076433198789260E-1
6.09500000000000064E5	9.86819860242179558E-1
6.11000000000000032E5	9.86403765388496545E-1
6.12500000000000000E5	9.85987670534813354E-1
6.13999999999999968E5	9.85527658627648684E-1
6.15499999999999936E5	9.84977123814328692E-1
6.16999999999999993E5	9.84426589001008878E-1
6.18500000000000050E5	9.83894220988899804E-1
6.20000000000000018E5	9.84122263370333172E-1
6.21499999999999986E5	9.84350305751766008E-1
6.22999999999999954E5	9.84578348133198666E-1
6.24500000000000011E5	9.84289821392532716E-1
6.25999999999999979E5	9.83800406659939419E-1
6.27500000000000036E5	9.83310991927346123E-1
6.29000000000000004E5	9.83022687184661947E-1
6.30499999999999972E5	9.83015936427850612E-1
6.32000000000000028E5	9.83009185671039276E-1
6.33499999999999996E5	9.83012082542885679E-1
6.34999999999999964E5	9.83090457921291616E-1
6.36500000000000021E5	9.83168833299697198E-1
6.37999999999999989E5	9.83247208678103135E-1
6.39500000000000046E5	9.83159137638748781E-1
6.40999999999999925E5	9.83032023612512695E-1
6.42499999999999982E5	9.82904909586276254E-1
6.44000000000000039E5	9.83115171140262056E-1
6.45500000000000007E5	9.83653929969727514E-1
6.47000000000000064E5	9.84192688799192439E-1
6.48499999999999943E5	9.84649445408678226E-1
6.50000000000000000E5	9.84784914631685027E-1
6.51500000000000057E5	9.84920383854692361E-1
6.52999999999999936E5	9.85055853077699339E-1
6.54499999999999993E5	9.84850893440968633E-1
6.55999999999999961E5	9.84608108375378421E-1
6.57500000000000018E5	9.84365323309788032E-1
6.59000000000000075E5	9.84190327043390312E-1
6.60499999999999954E5	9.84061154490413692E-1
6.62000000000000011E5	9.83931981937437072E-1
6.63499999999999979E5	9.83828241473259268E-1
6.65000000000000036E5	9.83785769223007200E-1
6.66500000000000092E5	9.83743296972754777E-1
6.67999999999999972E5	9.83700824722502709E-1
6.69500000000000028E5	9.83880518062563070E-1
6.70999999999999908E5	9.84062455499495492E-1
6.72499999999999964E5	9.84244392936427914E-1
6.74000000000000021E5	9.84176074672048529E-1
6.75499999999999989E5	9.83993562058526727E-1
6.77000000000000046E5	9.83811049445004748E-1
6.78499999999999925E5	9.83751172552976882E-1
6.79999999999999982E5	9.83888579212916348E-1
6.81500000000000039E5	9.84025985872855280E-1
6.83000000000000007E5	9.84168747124117083E-1
6.84500000000000064E5	9.84373086175579992E-1
6.85999999999999943E5	9.84577425227043435E-1
6.87500000000000000E5	9.84781764278506344E-1
6.89000000000000057E5	9.84806263067608612E-1
6.90499999999999936E5	9.84779048133198565E-1
6.91999999999999993E5	9.84751833198789228E-1
6.93499999999999961E5	9.84855756912209834E-1
6.95000000000000018E5	9.85105595459132388E-1
6.96500000000000075E5	9.85355434006054587E-1
6.97999999999999954E5	9.85567616952573111E-1
6.99500000000000011E5	9.85595951967709460E-1
7.00999999999999979E5	9.85624286982845632E-1
7.02500000000000036E5	9.85652621997981804E-1
7.04000000000000092E5	9.84897283955600322E-1
7.05499999999999972E5	9.84021380827446990E-1
7.07000000000000028E5	9.83145477699293657E-1
7.08499999999999908E5	9.83194077901109864E-1
7.09999999999999964E5	9.83959304944500524E-1
7.11500000000000021E5	9.84724531987891183E-1
7.12999999999999989E5	9.85228730575176748E-1
7.14500000000000046E5	9.84990002018163580E-1
7.15999999999999925E5	9.84751273461150234E-1
7.17499999999999982E5	9.84512544904137243E-1
7.19000000000000039E5	9.84567187689202683E-1
7.20500000000000007E5	9.84635119071644738E-1
7.22000000000000064E5	9.84703050454086792E-1
7.23499999999999943E5	9.85171051261352027E-1
7.25000000000000000E5	9.85851333804238195E-1
7.26500000000000057E5	9.86531616347124007E-1
7.27999999999999936E5	9.86959559838546596E-1
7.29499999999999993E5	9.86918873662966867E-1
7.30999999999999961E5	9.86878187487386782E-1
7.32500000000000018E5	9.86861712411705128E-1
7.34000000000000075E5	9.87339835519676967E-1
7.35499999999999954E5	9.87817958627648807E-1
7.37000000000000011E5	9.88296081735620646E-1
7.38499999999999979E5	9.88569836932391510E-1
7.40000000000000036E5	9.88773025630676017E-1
7.41500000000000092E5	9.88976214328960523E-1
7.42999999999999972E5	9.89215912815337894E-1
7.44500000000000028E5	9.89502078304742483E-1
7.45999999999999908E5	9.89788243794147427E-1
7.47499999999999964E5	9.90098032896064595E-1
7.49000000000000021E5	9.90557054086781008E-1
7.50499999999999989E5	9.91016075277497599E-1
7.52000000000000046E5	9.91475096468213835E-1
7.53499999999999925E5	9.91648875479313752E-1
7.54999999999999982E5	9.91765606054490334E-1
7.56500000000000039E5	9.91882336629666739E-1
7.58000000000000007E5	9.91750892431886655E-1
7.59500000000000064E5	9.91399368718466079E-1
7.60999999999999943E5	9.91047845005045325E-1
7.62500000000000000E5	9.90753356205852675E-1
7.64000000000000057E5	9.90653457114026459E-1
7.65499999999999936E5	9.90553558022199532E-1
7.66999999999999993E5	9.90453658930373493E-1
7.68499999999999961E5	9.90555737840564809E-1
7.70000000000000018E5	9.90674587487386482E-1
7.71500000000000075E5	9.90793437134207799E-1
7.72999999999999954E5	9.90852357618566870E-1
7.74500000000000011E5	9.90874547325933364E-1
7.75999999999999979E5	9.90896737033299679E-1
7.77500000000000036E5	9.90932021594349166E-1
7.79000000000000092E5	9.90995563471241248E-1
7.80499999999999972E5	9.91059105348132974E-1
7.82000000000000028E5	9.91126177396568764E-1
7.83499999999999908E5	9.91454482139253557E-1
7.84999999999999964E5	9.91782786881937639E-1
7.86500000000000021E5	9.92111091624621544E-1
7.87999999999999989E5	9.92455086579212775E-1
7.89500000000000046E5	9.92805490211906871E-1
7.90999999999999925E5	9.93155893844601323E-1
7.92499999999999982E5	9.93356265792129633E-1
7.94000000000000039E5	9.93337739051463053E-1
7.95500000000000007E5	9.93319212310797006E-1
7.97000000000000064E5	9.93282220080726219E-1
7.98499999999999943E5	9.93084995055499675E-1
8.00000000000000000E5	9.92887770030272598E-1


freq	mag(S(3,3))
5.00000000000000000E5	9.28135988570619652E-1
5.01499999999999968E5	9.27179312373758790E-1
5.02999999999999936E5	9.26213603504107041E-1
5.04499999999999993E5	9.25238809684052477E-1
5.06000000000000050E5	9.24154737912994051E-1
5.07500000000000018E5	9.23030106715537357E-1
5.08999999999999986E5	9.21862814336608949E-1
5.10499999999999954E5	9.21166347828284415E-1
5.12000000000000011E5	9.20681388918272248E-1
5.13499999999999979E5	9.20189126380720168E-1
5.15000000000000036E5	9.19448899472896741E-1
5.16500000000000004E5	9.18310774514459283E-1
5.17999999999999972E5	9.17136013129145233E-1
5.19500000000000028E5	9.15958198291078851E-1
5.20999999999999996E5	9.15110136095362492E-1
5.22499999999999964E5	9.14246477253343315E-1
5.24000000000000021E5	9.13366832552182473E-1
5.25499999999999989E5	9.10072407086992641E-1
5.27000000000000046E5	9.05951139275961026E-1
5.28500000000000014E5	9.01623614056011036E-1
5.29999999999999982E5	8.99434649858415725E-1
5.31499999999999950E5	8.99740818426776379E-1
5.33000000000000007E5	9.00095606818524097E-1
5.34500000000000064E5	9.00107596316822267E-1
5.36000000000000032E5	8.98298195754294859E-1
5.37500000000000000E5	8.96415680234169265E-1
5.38999999999999968E5	8.94455981075202189E-1
5.40499999999999936E5	8.92076263400278080E-1
5.41999999999999993E5	8.89541942602365765E-1
5.43500000000000050E5	8.86892830736439386E-1
5.45000000000000018E5	8.77048605138959125E-1
5.46499999999999986E5	8.61447182720762683E-1
5.47999999999999954E5	8.45271611040744020E-1
5.49500000000000011E5	8.30630355454183800E-1
5.50999999999999979E5	8.21160641178981976E-1
5.52500000000000036E5	8.11272887156440703E-1
5.54000000000000004E5	8.00953492878299400E-1
5.55499999999999972E5	7.97185982532663218E-1
5.57000000000000028E5	7.93540919289638325E-1
5.58499999999999996E5	7.89777992912443061E-1
5.59999999999999964E5	7.80807968616256076E-1
5.61500000000000021E5	7.68916164976849448E-1
5.62999999999999989E5	7.56639845763838359E-1
5.64500000000000046E5	7.45718271134097943E-1
5.66000000000000014E5	7.37549228047846928E-1
5.67499999999999982E5	7.29056244839376255E-1
5.68999999999999950E5	7.20188391926141147E-1
5.70500000000000007E5	7.10507869344475385E-1
5.72000000000000064E5	7.00803331247616157E-1
5.73500000000000032E5	6.91087768300024496E-1
5.75000000000000000E5	6.89203982274063343E-1
5.76499999999999968E5	6.89988445970730169E-1
5.77999999999999936E5	6.90898948958537762E-1
5.79499999999999993E5	6.87211019891765318E-1
5.81000000000000050E5	6.77681257610787213E-1
5.82500000000000018E5	6.68025989881593230E-1
5.83999999999999986E5	6.58047252571357966E-1
5.85499999999999954E5	6.46567654154628180E-1
5.87000000000000011E5	6.34626614398204669E-1
5.88499999999999979E5	6.22208752307504920E-1
5.90000000000000036E5	6.11568301606946463E-1
5.91500000000000004E5	6.01049163277850163E-1
5.92999999999999972E5	5.90243261034392308E-1
5.94500000000000028E5	5.79199233156846383E-1
5.95999999999999996E5	5.67724085992985206E-1
5.97499999999999964E5	5.55701099833985079E-1
5.99000000000000021E5	5.41266936677564381E-1
6.00499999999999989E5	5.20098025898492100E-1
6.02000000000000046E5	4.98009177435998573E-1
6.03500000000000014E5	4.74997285071947406E-1
6.04999999999999982E5	4.54767182780513934E-1
6.06499999999999950E5	4.33804866292578950E-1
6.08000000000000007E5	4.11813096259432943E-1
6.09500000000000064E5	3.91669212039369796E-1
6.11000000000000032E5	3.72600780814095467E-1
6.12500000000000000E5	3.53006849394977218E-1
6.13999999999999968E5	3.25501238653040659E-1
6.15499999999999936E5	2.81995891485016248E-1
6.16999999999999993E5	2.37990365208729893E-1
6.18500000000000050E5	1.94846611134112502E-1
6.20000000000000018E5	1.79685589777106625E-1
6.21499999999999986E5	1.64203970712986447E-1
6.22999999999999954E5	1.48404664127276353E-1
6.24500000000000011E5	1.29554599766933043E-1
6.25999999999999979E5	1.17385826029548057E-1
6.27500000000000036E5	1.15540261645945530E-1
6.29000000000000004E5	1.13666916115875583E-1
6.30499999999999972E5	1.10586806044026686E-1
6.32000000000000028E5	1.21598680779255286E-1
6.33499999999999996E5	1.40869971332637989E-1
6.34999999999999964E5	1.46316706080881076E-1
6.36500000000000021E5	1.53999948154239741E-1
6.37999999999999989E5	1.63707254464977892E-1
6.39500000000000046E5	1.91901592412606448E-1
6.40999999999999925E5	2.22721153929281135E-1
6.42499999999999982E5	2.51989935244807173E-1
6.44000000000000039E5	2.73220467219598762E-1
6.45500000000000007E5	2.89436632176731834E-1
6.47000000000000064E5	3.07714516619242806E-1
6.48499999999999943E5	3.30139329362528233E-1
6.50000000000000000E5	3.61273407540331082E-1
6.51500000000000057E5	3.90509857976436736E-1
6.52999999999999936E5	4.17944810426900304E-1
6.54499999999999993E5	4.40265668432931800E-1
6.55999999999999961E5	4.61558944151056139E-1
6.57500000000000018E5	4.82220672786815907E-1
6.59000000000000075E5	5.01031197970417175E-1
6.60499999999999954E5	5.18206666537092531E-1
6.62000000000000011E5	5.34531902083804233E-1
6.63499999999999979E5	5.48442350369085485E-1
6.65000000000000036E5	5.58042414310697588E-1
6.66500000000000092E5	5.67364083736641067E-1
6.67999999999999972E5	5.76415794797472536E-1
6.69500000000000028E5	5.79419100876737225E-1
6.70999999999999908E5	5.82429584530733813E-1
6.72499999999999964E5	5.85498625627663039E-1
6.74000000000000021E5	5.87764681619109641E-1
6.75499999999999989E5	5.89938665941381757E-1
6.77000000000000046E5	5.92421014526342571E-1
6.78499999999999925E5	5.97287799994407198E-1
6.79999999999999982E5	6.05509829957609735E-1
6.81500000000000039E5	6.13556824457297623E-1
6.83000000000000007E5	6.20377173998294751E-1
6.84500000000000064E5	6.15155169267932322E-1
6.85999999999999943E5	6.10206709653366985E-1
6.87500000000000000E5	6.05544569459993998E-1
6.89000000000000057E5	6.01785030033660107E-1
6.90499999999999936E5	5.98195420859579485E-1
6.91999999999999993E5	5.94564803488147309E-1
6.93499999999999961E5	5.96178576981396802E-1
6.95000000000000018E5	6.03875146500358539E-1
6.96500000000000075E5	6.11845566308692845E-1
6.97999999999999954E5	6.18029219458901657E-1
6.99500000000000011E5	6.14285973915744243E-1
7.00999999999999979E5	6.10424218236765448E-1
7.02500000000000036E5	6.06439699955923484E-1
7.04000000000000092E5	6.09496928899473378E-1
7.05499999999999972E5	6.14050538207273000E-1
7.07000000000000028E5	6.19048689409754971E-1
7.08499999999999908E5	6.25445635706664671E-1
7.09999999999999964E5	6.33474814674484854E-1
7.11500000000000021E5	6.42560832233125101E-1
7.12999999999999989E5	6.54492405752074191E-1
7.14500000000000046E5	6.71772889099121961E-1
7.15999999999999925E5	6.88879736334777082E-1
7.17499999999999982E5	7.05729549086276009E-1
7.19000000000000039E5	7.21091766145126467E-1
7.20500000000000007E5	7.36419683110593049E-1
7.22000000000000064E5	7.51701948516787688E-1
7.23499999999999943E5	7.63376187748251755E-1
7.25000000000000000E5	7.72935519404373128E-1
7.26500000000000057E5	7.82209215095513688E-1
7.27999999999999936E5	7.92882741773363708E-1
7.29499999999999993E5	8.06093496596313486E-1
7.30999999999999961E5	8.18581945948168688E-1
7.32500000000000018E5	8.30278225178456353E-1
7.34000000000000075E5	8.39547479575925415E-1
7.35499999999999954E5	8.48467300079124698E-1
7.37000000000000011E5	8.57042014286605891E-1
7.38499999999999979E5	8.68560093205860539E-1
7.40000000000000036E5	8.80375039851497299E-1
7.41500000000000092E5	8.91325994278039246E-1
7.42999999999999972E5	8.99077645731555641E-1
7.44500000000000028E5	9.03519261303380006E-1
7.45999999999999908E5	9.07887696734468364E-1
7.47499999999999964E5	9.12334073041668070E-1
7.49000000000000021E5	9.17481104392101798E-1
7.50499999999999989E5	9.22256077080690417E-1
7.52000000000000046E5	9.26690710102737825E-1
7.53499999999999925E5	9.27949279752463418E-1
7.54999999999999982E5	9.28609772312926829E-1
7.56500000000000039E5	9.29269347625123210E-1
7.58000000000000007E5	9.32110687563160845E-1
7.59500000000000064E5	9.36686436734518857E-1
7.60999999999999943E5	9.41010987262101928E-1
7.62500000000000000E5	9.43906997260661207E-1
7.64000000000000057E5	9.42695920336220539E-1
7.65499999999999936E5	9.41556030037819625E-1
7.66999999999999993E5	9.40483958212162641E-1
7.68499999999999961E5	9.42849814025360722E-1
7.70000000000000018E5	9.45344150068517841E-1
7.71500000000000075E5	9.47690026690524867E-1
7.72999999999999954E5	9.50673155622469856E-1
7.74500000000000011E5	9.53957547359575031E-1
7.75999999999999979E5	9.57067452867712554E-1
7.77500000000000036E5	9.59267269295098046E-1
7.79000000000000092E5	9.59796911241928719E-1
7.80499999999999972E5	9.60315044867349243E-1
7.82000000000000028E5	9.60831918602621826E-1
7.83499999999999908E5	9.62050518567829904E-1
7.84999999999999964E5	9.63220943443496225E-1
7.86500000000000021E5	9.64345525264525349E-1
7.87999999999999989E5	9.66225976476018111E-1
7.89500000000000046E5	9.68337467908592409E-1
7.90999999999999925E5	9.70349146991109279E-1
7.92499999999999982E5	9.71868846922049556E-1
7.94000000000000039E5	9.72762054376846308E-1
7.95500000000000007E5	9.73627993394407021E-1
7.97000000000000064E5	9.74470441730985470E-1
7.98499999999999943E5	9.75307680556274548E-1
8.00000000000000000E5	9.76112963647878829E-1


